{
 "cells": [
  {
   "cell_type": "code",
   "execution_count": 41,
   "id": "cf4a5459",
   "metadata": {},
   "outputs": [],
   "source": [
    "import numpy as np"
   ]
  },
  {
   "cell_type": "code",
   "execution_count": 42,
   "id": "c3c66449",
   "metadata": {},
   "outputs": [
    {
     "data": {
      "text/plain": [
       "array([[0.04786024, 0.80114628, 0.31377452, 0.02375635, 0.75549467],\n",
       "       [0.57338907, 0.14564244, 0.21769823, 0.81029364, 0.53764765],\n",
       "       [0.66431645, 0.33540407, 0.78478095, 0.34221146, 0.68207189],\n",
       "       [0.15317079, 0.52076838, 0.97999606, 0.7102689 , 0.45333269],\n",
       "       [0.85482973, 0.65661538, 0.09015274, 0.01428434, 0.12928574]])"
      ]
     },
     "execution_count": 42,
     "metadata": {},
     "output_type": "execute_result"
    }
   ],
   "source": [
    "X = np.random.rand(5, 5)\n",
    "X"
   ]
  },
  {
   "cell_type": "code",
   "execution_count": null,
   "id": "397b78ac",
   "metadata": {},
   "outputs": [
    {
     "data": {
      "text/plain": [
       "array([0.45871325, 0.49191531, 0.4772805 , 0.38016294, 0.51156653])"
      ]
     },
     "execution_count": 69,
     "metadata": {},
     "output_type": "execute_result"
    }
   ],
   "source": [
    "X_mean = X.mean(axis=0)\n",
    "X_mean"
   ]
  },
  {
   "cell_type": "code",
   "execution_count": 70,
   "id": "2928917c",
   "metadata": {},
   "outputs": [
    {
     "data": {
      "text/plain": [
       "array([[-0.41085302,  0.30923097, -0.16350598, -0.35640659,  0.24392814],\n",
       "       [ 0.11467582, -0.34627287, -0.25958227,  0.4301307 ,  0.02608113],\n",
       "       [ 0.2056032 , -0.15651124,  0.30750045, -0.03795148,  0.17050536],\n",
       "       [-0.30554247,  0.02885307,  0.50271556,  0.33010596, -0.05823384],\n",
       "       [ 0.39611647,  0.16470007, -0.38712776, -0.3658786 , -0.38228079]])"
      ]
     },
     "execution_count": 70,
     "metadata": {},
     "output_type": "execute_result"
    }
   ],
   "source": [
    "X_minus_mean = X - X_mean\n",
    "X_minus_mean"
   ]
  },
  {
   "cell_type": "code",
   "execution_count": 71,
   "id": "d39d06e9",
   "metadata": {},
   "outputs": [
    {
     "data": {
      "text/plain": [
       "array([[ 0.11862197, -0.03562806, -0.05157911, -0.01445964, -0.04895152],\n",
       "       [-0.03562806,  0.06699577, -0.01451429, -0.07598759, -0.00623224],\n",
       "       [-0.05157911, -0.01451429,  0.14781613,  0.06063534,  0.03112325],\n",
       "       [-0.01445964, -0.07598759,  0.06063534,  0.13907887,  0.0096137 ],\n",
       "       [-0.04895152, -0.00623224,  0.03112325,  0.0096137 ,  0.05969576]])"
      ]
     },
     "execution_count": 71,
     "metadata": {},
     "output_type": "execute_result"
    }
   ],
   "source": [
    "C = (X_minus_mean.T @ X_minus_mean) / (X.shape[0] -1)\n",
    "C"
   ]
  },
  {
   "cell_type": "code",
   "execution_count": 72,
   "id": "5ee3db04",
   "metadata": {},
   "outputs": [
    {
     "name": "stdout",
     "output_type": "stream",
     "text": [
      "EigenValues: [2.48028743e-01 1.72347285e-01 7.06389475e-02 4.11935201e-02\n",
      " 9.61798620e-19]\n",
      "\n",
      "EigenVectors: [[-0.3456995   0.63635768  0.4575241   0.32688043  0.39920126]\n",
      " [-0.24073817 -0.51514574  0.15494211 -0.35490992  0.7257423 ]\n",
      " [ 0.64462369 -0.19242525  0.73455626  0.07850762 -0.04118829]\n",
      " [ 0.59324958  0.47398633 -0.33440819 -0.35415887  0.43143313]\n",
      " [ 0.2346321  -0.26073597 -0.33950391  0.79724286  0.35511328]]\n"
     ]
    }
   ],
   "source": [
    "eigenval, eigenvec = np.linalg.eig(C)\n",
    "\n",
    "idx = np.argsort(eigenval)[::-1]\n",
    "\n",
    "eigenval_sorted = eigenval[idx]\n",
    "eigenvec_sorted = eigenvec[:, idx]\n",
    "\n",
    "\n",
    "print(f\"EigenValues: {eigenval_sorted}\\n\\nEigenVectors: {eigenvec_sorted}\")"
   ]
  },
  {
   "cell_type": "code",
   "execution_count": 73,
   "id": "a78ed703",
   "metadata": {},
   "outputs": [],
   "source": [
    "top_eigenvals = eigenval_sorted[:2]\n",
    "top_eigenvecs = eigenvec_sorted[:, :2]"
   ]
  },
  {
   "cell_type": "code",
   "execution_count": 74,
   "id": "3b8a5965",
   "metadata": {},
   "outputs": [
    {
     "data": {
      "text/plain": [
       "array([[-0.3456995 ,  0.63635768],\n",
       "       [-0.24073817, -0.51514574],\n",
       "       [ 0.64462369, -0.19242525],\n",
       "       [ 0.59324958,  0.47398633],\n",
       "       [ 0.2346321 , -0.26073597]])"
      ]
     },
     "execution_count": 74,
     "metadata": {},
     "output_type": "execute_result"
    }
   ],
   "source": [
    "top_eigenvecs"
   ]
  },
  {
   "cell_type": "code",
   "execution_count": 82,
   "id": "afea122c",
   "metadata": {},
   "outputs": [],
   "source": [
    "Xpca = X_minus_mean @ top_eigenvecs"
   ]
  },
  {
   "cell_type": "code",
   "execution_count": 83,
   "id": "0a1fd8d4",
   "metadata": {},
   "outputs": [
    {
     "data": {
      "text/plain": [
       "array([[-0.19201653, -0.6218185 ],\n",
       "       [ 0.13767917,  0.4983818 ],\n",
       "       [ 0.18231472,  0.08984706],\n",
       "       [ 0.6049139 , -0.13438362],\n",
       "       [-0.73289125,  0.16797327]])"
      ]
     },
     "execution_count": 83,
     "metadata": {},
     "output_type": "execute_result"
    }
   ],
   "source": [
    "Xpca"
   ]
  },
  {
   "cell_type": "code",
   "execution_count": null,
   "id": "37a7bc0d",
   "metadata": {},
   "outputs": [],
   "source": []
  }
 ],
 "metadata": {
  "kernelspec": {
   "display_name": "venv",
   "language": "python",
   "name": "python3"
  },
  "language_info": {
   "codemirror_mode": {
    "name": "ipython",
    "version": 3
   },
   "file_extension": ".py",
   "mimetype": "text/x-python",
   "name": "python",
   "nbconvert_exporter": "python",
   "pygments_lexer": "ipython3",
   "version": "3.12.4"
  }
 },
 "nbformat": 4,
 "nbformat_minor": 5
}
